750
1
28
871 872
94 95
285 288
474 475
114 115
808 810
179
191 195
861 862
71 72
118 119
0 2
62
576
3
291 295
171 172
80 82
771
560
216
476 478
45
168 169
40 44
91 93
401 402
313
64 65
10 12
156 157
343 344
153 155
231 234
161 162
438 443
281
335 336
660 661
259 262
200 204
716 717
249 250
36 37
138 143
387
17
76 79
92
31 32
151 152
125
409 410
359 363
131 133
564 566
825 828
500
286
78
368 371
386 388
129 130
99 101
163 165
818 824
466 469
52 53
668 670
912 915
407 408
735 737
38
183 185
805 806
49 51
816 817
126 128
6 8
481 482
788 789
982 984
134 137
382 383
9
22
775
105 108
947 949
339 341
459 461
43
422 424
127
20 26
581 582
34
173 175
198 199
238 242
13
606
230
497
147 150
536
309
644
956 957
403 405
145
768
993 995
740 744
451
745
98
46 47
675 676
243 244
15 18
48
620 622
324 327
116 117
812
609 612
272
102 104
320
337 338
246 248
70
154
483
109
820
68 69
296
166
434 437
5
455 458
233
358
35
273 280
415 417
457
96 97
973 974
436
196
834 835
180 182
413 414
416
123 124
189
372 373
759 760
214 215
681 683
375 376
364
59 61
149
394 395
330 331
312
803
390 392
832 833
539
210
245
148
411
266 269
66 67
256 257
27 30
937 940
297 304
113
494 495
583 585
899
111
423
756
144 146
252 253
202
599 600
329
241
218 221
315
89
300
393
225
345 350
545 547
879 881
857 858
223 224
87
211
287
846 847
452 454
512 513
543 544
629
517 518
7
614
176
977 979
158 160
468
484 487
501 503
584
684 685
236 237
412
56
19
298
11
510 511
106
226 227
470 471
464 465
159
270 271
265
516
4
167
799
263 264
247
255
695 696
378
428 432
628 630
261
472
86 88
365 366
50
479
559
302
367
398 399
551
348
439
103
294
800 801
73
633 634
537 542
579 580
57 58
384 385
765 769
610
29
39
873 876
23
567
596
251
637 643
283
657 659
83
618 619
81
450
228
328
795 796
100
74
528 529
25
602
41
433
605
964
591
553 558
217
550
139
651 653
60
197
447 449
311
624 625
212
107
206 207
507
430
333
181
254
277
361
635 636
936
813 814
229
14
112
54 55
615 617
701 703
306 307
77
205
662 664
586 587
275
533
728
504
521 522
310 318
875
164
321 322
597
21
203
546
404
370
490 492
446
406
508
574
353 355
815
467
194
63
505
140
673 674
136
121
201
572 573
840 841
929 930
837 838
607 608
462
707
509
557
665 666
305
323
923
932 934
299
525 527
90
84 85
975
705 709
506
334
356
933
142
75
616
755
184
24
260
767
867
520
177
292
648
444 445
463
548 552
496 498
289 290
894 897
314
990 991
279
178
710 711
499
723
627
849
379
209
720 721
811
110
187
774 781
377
232
317
352
726 731
725
907
347
893
626
429
132
276
42
753 758
906
219
278
357
351
258
688
714 715
779
963
186
426 427
729
746
170
268
435
677
802
575
970
193
770 773
532
743
325
638
120
889
316
736
301
488
208
645
569
985 988
141
994
916 918
188 190
534 535
418 419
374
349
853 856
850
16
135
523 524
568 571
381
848
174
704
456
240
389
239
442
213
222
514
869
274
400
293
489
910 911
33
477
391
908
595 598
902 903
502
623
397
950
898 901
785
122
538
267
692
282
303
480
604
577 578
284
340
778
332
354
561
647
440
719
962
460
654
549
431
712
594
830
326
667
904 909
531
649
342
360
473
369
941 943
655
425
362
702
888
706
836
319
220
540
346
555
762 763
650
924
421
493
631 632
945 946
690
797 798
761
927 928
958 960
961 965
887
724
562 563
939
526
554
611
741
235
519
541
942
793 794
565
732
749 750
900
441
679
819
866 868
860
891 892
821
589 590
530
380
663
870
884 885
491
669
865
786
672
686 689
831
588
997
864
641
967 968
880
922
592
842
613
727
682
396
448
877
515
601 603
754
926
694
722
978
708
886
697 698
851
687
757
751 752
935
730
308
951
570
656
485
921
809
658
652
640
718
678
747
621
693
863
642
192
792
486
691
787
671
776
699 700
556
733
772
859
874
646
680
742
713
764
855
739
919 920
639
986
845
952 953
791
839
790
969
453
843
822
992
804
827
807
782 783
931
905
738
996 999
844
823
852
878
829
972
896
882 883
913
420
895
944
593
734
748
766
784
777
890
826
914
959
980 981
780
955
854
917
976
925
938
998
954
948
987
966
983
971
989